1.86672 1.52422 0.298725 0.0227794 0.686835 -1.52422 0 
0.0580622 5.69248 0.253977 0.0228633 0.720486 -5.69248 0 
0.0539096 5.84089 0.249097 0.0229509 0.725424 -5.84089 0 
1.46488 2.45533 0.25827 0.0230323 0.719988 -2.45533 0 
1.30346 0.856243 0.289352 0.0227745 0.694057 -0.856243 0 
1.93332 0.878751 0.280064 0.022764 0.701207 -0.878751 0 
1.15189 1.10348 0.269471 0.0229468 0.709731 -1.10348 0 
3.40673 0.767369 0.273185 0.0228295 0.705967 -0.767369 0 
1.21709 1.8043 0.29863 0.0228138 0.686898 -1.8043 0 
0.246808 2.79829 0.306749 0.0227361 0.681659 -2.79829 0 
0.457402 2.95068 0.292999 0.022808 0.689717 -2.95068 0 
0.363848 5.24091 0.266045 0.0231353 0.71165 -5.24091 0 
0.237605 2.87429 0.269171 0.0230615 0.709409 -2.87429 0 
0.0821248 4.99903 0.259081 0.0232028 0.718013 -4.99903 0 
1.08679 2.60613 0.286651 0.0230671 0.69669 -2.60613 0 
0.878683 2.45589 0.28605 0.0230799 0.697695 -2.45589 0 
0.361811 2.03327 0.279773 0.0230615 0.701747 -2.03327 0 
0.386517 1.90116 0.287304 0.0229116 0.695013 -1.90116 0 
1.16716 1.88807 0.291182 0.0226568 0.69289 -1.88807 0 
0.343826 2.13524 0.311647 0.0226123 0.676947 -2.13524 0 
0.0203387 7.79046 0.326243 0.0224893 0.664848 -7.79046 0 
0.00319626 13.6888 0.332149 0.0226031 0.661054 -13.6888 0 
0.319459 3.66855 0.306849 0.0228371 0.682029 -3.66855 0 
0.368827 1.99485 0.287957 0.0228224 0.695983 -1.99485 0 
0.34961 2.10187 0.296559 0.0228852 0.689081 -2.10187 0 
0.298574 2.41748 0.295847 0.0228671 0.690115 -2.41748 0 
0.567677 3.90499 0.322603 0.0225731 0.669364 -3.90499 0 
0.262599 7.27943 0.337122 0.0225502 0.660165 -7.27943 0 
0.0533357 7.24859 0.332639 0.0224877 0.661383 -7.24859 0 
0.153208 5.94914 0.328142 0.0225789 0.665197 -5.94914 0 
0.402113 4.59463 0.319716 0.022683 0.67155 -4.59463 0 
0.0142284 8.50503 0.332884 0.0226371 0.662244 -8.50503 0 
0.177877 4.83962 0.330225 0.0224977 0.664326 -4.83962 0 
0.201854 5.97301 0.317316 0.0224829 0.674462 -5.97301 0 
0.164694 5.80456 0.324851 0.0226398 0.667633 -5.80456 0 
0.0518515 5.91874 0.32583 0.0225659 0.666285 -5.91874 0 
0.0263751 7.27067 0.316425 0.0225109 0.67106 -7.27067 0 
0.473039 1.49716 0.298905 0.022725 0.685841 -1.49716 0 
0.419407 3.12412 0.261141 0.0228673 0.714973 -3.12412 0 
0.241444 2.84224 0.262366 0.0228342 0.713857 -2.84224 0 
0.907835 2.39061 0.288787 0.0229467 0.694037 -2.39061 0 
0.914407 2.37618 0.293465 0.022919 0.690688 -2.37618 0 
0.193964 3.28017 0.287998 0.0228572 0.693484 -3.28017 0 
0.554845 1.17813 0.290912 0.022824 0.693117 -1.17813 0 
0.401305 1.82606 0.294032 0.0228812 0.6904 -1.82606 0 
3.58684 1.60434 0.274307 0.0230031 0.705579 -1.60434 0 
0.37947 1.93796 0.286645 0.0227299 0.694062 -1.93796 0 
1.64925 1.77195 0.299579 0.0226728 0.684739 -1.77195 0 
0.333341 2.19718 0.299605 0.0225428 0.686299 -2.19718 0 
0.407475 1.79555 0.283459 0.0225562 0.698079 -1.79555 0 
0.255527 2.72885 0.301076 0.0223967 0.684734 -2.72885 0 
0.260529 2.69008 0.306773 0.0222099 0.679701 -2.69008 0 
0.169294 3.55223 0.279447 0.0225204 0.701419 -3.55223 0 
0.22915 2.94676 0.269442 0.0228323 0.710634 -2.94676 0 
0.117879 4.27619 0.288994 0.0227943 0.695867 -4.27619 0 
4.24961 0.998166 0.270871 0.0228793 0.708601 -0.998166 0 
4.59734 0.840863 0.284969 0.0228476 0.696918 -0.840863 0 
1.13002 1.14182 0.285687 0.0227766 0.69548 -1.14182 0 
2.19746 1.19798 0.286217 0.0227316 0.69473 -1.19798 0 
0.299684 3.79635 0.302865 0.02248 0.680483 -3.79635 0 
0.17066 5.73339 0.325365 0.0224531 0.665646 -5.73339 0 
0.924336 1.54365 0.321444 0.0222564 0.668833 -1.54365 0 
0.185682 3.36744 0.332307 0.0220977 0.659946 -3.36744 0 
0.519978 1.30794 0.323073 0.022115 0.666753 -1.30794 0 
5.03506 0.350669 0.307381 0.0221646 0.677439 -0.350669 0 
0.240167 2.85284 0.274916 0.0222964 0.701137 -2.85284 0 
1.53784 1.91183 0.287176 0.0221537 0.691113 -1.91183 0 
1.43394 1.47638 0.285169 0.022195 0.693308 -1.47638 0 
4.81909 0.438347 0.300313 0.0221867 0.682866 -0.438347 0 
1.6778 0.351327 0.304926 0.0221579 0.679269 -0.351327 0 
1.53972 0.523091 0.306366 0.0221008 0.677645 -0.523091 0 
0.782971 0.489318 0.306405 0.0222034 0.677923 -0.489318 0 
11.1732 0.302864 0.306059 0.0222286 0.678986 -0.302864 0 
4.2952 1.24389 0.322402 0.0221092 0.667353 -1.24389 0 
0.534113 1.25429 0.304522 0.0222466 0.68093 -1.25429 0 
2.65197 1.26827 0.3141 0.0220146 0.672841 -1.26827 0 
0.00934887 9.345 0.2934 0.0220581 0.689554 -9.345 0 
0.00326361 11.4498 0.259768 0.0223469 0.716884 -11.4498 0 
0.0372044 8.77988 0.255358 0.0223957 0.719921 -8.77988 0 
0.623925 4.83527 0.263883 0.0223934 0.712198 -4.83527 0 
0.225429 4.36579 0.268309 0.0223679 0.708661 -4.36579 0 
0.03329 8.19129 0.253391 0.0223425 0.720287 -8.19129 0 
0.0534198 5.85915 0.262621 0.0223764 0.710923 -5.85915 0 
2.08952 1.29872 0.28347 0.0223139 0.694817 -1.29872 0 
0.466957 1.52303 0.2721 0.0225427 0.704962 -1.52303 0 
0.302258 2.39295 0.263171 0.0227415 0.71449 -2.39295 0 
0.380926 1.9303 0.269382 0.0227996 0.708036 -1.9303 0 
5.91678 1.04958 0.285697 0.022566 0.696153 -1.04958 0 
0.637288 0.901067 0.301749 0.0225748 0.684108 -0.901067 0 
2.45311 0.977873 0.300189 0.0226247 0.685457 -0.977873 0 
0.20539 3.16569 0.308423 0.0224592 0.6799 -3.16569 0 
0.965269 2.26792 0.306027 0.0224473 0.681262 -2.26792 0 
0.179404 5.63345 0.331247 0.0223382 0.661442 -5.63345 0 
0.627619 0.931643 0.299734 0.0223814 0.683051 -0.931643 0 
0.733 2.00751 0.313116 0.0222979 0.673228 -2.00751 0 
1.6111 0.432458 0.306604 0.0221208 0.677719 -0.432458 0 
0.319077 2.28464 0.296829 0.022033 0.685144 -2.28464 0 
0.460434 1.55117 0.325215 0.0219177 0.664096 -1.55117 0 
1.17946 1.05619 0.320725 0.0220393 0.668002 -1.05619 0 
0.925453 1.54124 0.31672 0.0220354 0.669711 -1.54124 0 
0.134808 4.00781 0.289992 0.0221535 0.691432 -4.00781 0 
0.402988 1.8177 0.304777 0.0221487 0.6804 -1.8177 0 
0.519643 1.30923 0.291717 0.0221084 0.688468 -1.30923 0 
0.450528 2.98096 0.274531 0.0223363 0.701437 -2.98096 0 
0.182968 3.39689 0.270861 0.0223083 0.70453 -3.39689 0 
2.39947 0.446728 0.29241 0.0222894 0.689108 -0.446728 0 
2.46738 0.390913 0.295816 0.0222155 0.685734 -0.390913 0 
2.05358 1.33342 0.300413 0.0220243 0.681001 -1.33342 0 
0.256751 2.7193 0.315866 0.0219361 0.671826 -2.7193 0 
0.0532801 9.08326 0.276938 0.0221804 0.702211 -9.08326 0 
0.301038 2.40104 0.303369 0.0220776 0.681112 -2.40104 0 
0.398248 1.84136 0.302948 0.0219999 0.678749 -1.84136 0 
0.279857 2.54695 0.303206 0.0219957 0.680673 -2.54695 0 
0.668234 0.806235 0.316595 0.0220533 0.67079 -0.806235 0 
1.36073 0.770251 0.3123 0.0220231 0.673605 -0.770251 0 
1.28842 1.69039 0.30996 0.0218659 0.67457 -1.69039 0 
1.67987 1.73515 0.306607 0.02186 0.676538 -1.73515 0 
0.285317 2.50831 0.316148 0.0218807 0.668984 -2.50831 0 
0.255891 2.72601 0.318995 0.0219021 0.667126 -2.72601 0 
0.369939 1.98883 0.32827 0.0217713 0.661773 -1.98883 0 
0.23458 2.89992 0.339894 0.0218576 0.654957 -2.89992 0 
1.97552 2.53016 0.335876 0.0219408 0.657663 -2.53016 0 
0.083982 4.95431 0.338086 0.0219518 0.657942 -4.95431 0 
0.0668763 5.40982 0.320565 0.0221143 0.670479 -5.40982 0 
0.262266 4.06309 0.30285 0.0221016 0.682145 -4.06309 0 
0.697265 2.9184 0.306634 0.0221356 0.679428 -2.9184 0 
0.810495 2.61744 0.332535 0.0221296 0.661094 -2.61744 0 
4.26384 1.25854 0.32238 0.0219665 0.666673 -1.25854 0 
1.63023 1.21979 0.311708 0.0219375 0.673748 -1.21979 0 
0.855668 1.69804 0.326251 0.0218496 0.663152 -1.69804 0 
2.2785 1.57184 0.323205 0.0218574 0.665076 -1.57184 0 
0.293112 2.4544 0.324079 0.0219185 0.664122 -2.4544 0 
0.342258 3.53067 0.33157 0.0219502 0.659367 -3.53067 0 
0.97957 3.26016 0.335467 0.0218325 0.656615 -3.26016 0 
0.833431 3.137 0.324011 0.021747 0.665291 -3.137 0 
0.652459 3.05124 0.339142 0.0217129 0.65504 -3.05124 0 
1.17537 2.44941 0.328623 0.0216641 0.660836 -2.44941 0 
0.218891 3.03836 0.337772 0.0216771 0.654829 -3.03836 0 
0.0719873 5.26253 0.348222 0.0215754 0.647409 -5.26253 0 
0.471082 4.72432 0.341416 0.0213911 0.652025 -4.72432 0 
0.0667059 5.41492 0.34237 0.0214945 0.650307 -5.41492 0 
0.259871 2.69514 0.335285 0.0216731 0.656634 -2.69514 0 
0.971246 2.25558 0.319188 0.0217026 0.666982 -2.25558 0 
0.124125 4.17293 0.304007 0.021657 0.676485 -4.17293 0 
0.161906 5.02777 0.288446 0.0218295 0.689793 -5.02777 0 
0.0839137 4.95593 0.275704 0.0220395 0.700269 -4.95593 0 
0.34868 4.30443 0.28547 0.0219444 0.691079 -4.30443 0 
0.154577 3.73412 0.291528 0.0219332 0.686364 -3.73412 0 
1.50176 1.38395 0.290379 0.0221895 0.688921 -1.38395 0 
0.954645 3.98465 0.283866 0.0221361 0.692751 -3.98465 0 
0.616739 0.966618 0.288328 0.0222474 0.691005 -0.966618 0 
0.657205 0.839518 0.298233 0.0224097 0.684301 -0.839518 0 
0.603395 1.01037 0.278772 0.0226145 0.69986 -1.01037 0 
0.334146 2.19235 0.271039 0.0226775 0.705913 -2.19235 0 
1.38582 1.54465 0.291366 0.0225882 0.689889 -1.54465 0 
2.56064 0.892078 0.276439 0.0226703 0.702127 -0.892078 0 
3.48016 0.724721 0.279499 0.0227715 0.700397 -0.724721 0 
1.05267 1.28363 0.282119 0.0228753 0.698792 -1.28363 0 
0.476331 1.48329 0.29705 0.0227262 0.687029 -1.48329 0 
0.383159 1.91861 0.306931 0.0226587 0.680054 -1.91861 0 
0.580714 1.087 0.303431 0.0224525 0.680921 -1.087 0 
6.61038 0.827888 0.282881 0.0226328 0.69682 -0.827888 0 
1.67718 0.352061 0.280702 0.0227302 0.699989 -0.352061 0 
1.86296 0.952886 0.299531 0.0226772 0.685743 -0.952886 0 
0.586068 2.45493 0.286726 0.022652 0.696403 -2.45493 0 
0.99103 1.40431 0.270975 0.0229457 0.70794 -1.40431 0 
0.670226 0.800282 0.276991 0.0227453 0.702157 -0.800282 0 
0.346918 2.11733 0.267561 0.0228501 0.709757 -2.11733 0 
0.755083 0.561855 0.277858 0.0226487 0.701168 -0.561855 0 
0.629951 0.924227 0.284529 0.0225068 0.696583 -0.924227 0 
0.483379 2.8402 0.265987 0.0225448 0.709607 -2.8402 0 
0.902334 0.205541 0.286251 0.0226413 0.694895 -0.205541 0 
0.477283 1.47929 0.285678 0.0224475 0.693394 -1.47929 0 
0.771906 0.517785 0.282734 0.0226406 0.697209 -0.517785 0 
0.287701 2.49167 0.286016 0.0226274 0.696822 -2.49167 0 
0.753465 0.566146 0.275408 0.0226781 0.703611 -0.566146 0 
5.51272 0.169401 0.300659 0.0224435 0.683732 -0.169401 0 
1.67128 0.359114 0.282128 0.0227558 0.698864 -0.359114 0 
1.1454 1.11478 0.274596 0.0227481 0.705382 -1.11478 0 
0.99347 2.21033 0.259724 0.0229454 0.717273 -2.21033 0 
0.0890436 4.83726 0.262417 0.0229151 0.717204 -4.83726 0 
0.12431 4.16996 0.261055 0.0228902 0.717919 -4.16996 0 
0.0329106 6.82792 0.29319 0.022666 0.692753 -6.82792 0 
0.0792571 5.07012 0.272127 0.022712 0.708517 -5.07012 0 
0.407246 1.79667 0.298401 0.0224122 0.686414 -1.79667 0 
2.19792 0.622197 0.312448 0.0221355 0.674205 -0.622197 0 
0.619943 3.15348 0.320752 0.0219874 0.666246 -3.15348 0 
0.225322 4.36675 0.326007 0.0220446 0.662933 -4.36675 0 
1.52992 0.535858 0.307563 0.0221918 0.677985 -0.535858 0 
0.327221 2.23424 0.312954 0.0220824 0.672041 -2.23424 0 
1.66367 1.75454 0.322209 0.0218886 0.665555 -1.75454 0 
5.26364 2.22353 0.331465 0.0218268 0.660378 -2.22353 0 
0.118078 4.27283 0.344426 0.021758 0.65081 -4.27283 0 
0.496644 2.78606 0.337256 0.0219402 0.657304 -2.78606 0 
0.416153 1.75341 0.325668 0.0220853 0.665465 -1.75341 0 
2.30437 0.527606 0.297236 0.0223211 0.686098 -0.527606 0 
0.749251 0.577362 0.297252 0.022369 0.684929 -0.577362 0 
0.45285 1.58439 0.296231 0.0225497 0.686191 -1.58439 0 
0.618965 2.34571 0.30316 0.0223207 0.67978 -2.34571 0 
1.3274 0.819846 0.295227 0.0221921 0.686716 -0.819846 0 
0.726981 0.637709 0.310421 0.0221774 0.67596 -0.637709 0 
0.538452 1.23811 0.319755 0.022089 0.66933 -1.23811 0 
0.167329 4.96188 0.316359 0.0221062 0.673168 -4.96188 0 
1.56516 1.30125 0.320828 0.0220447 0.66838 -1.30125 0 
0.74552 1.97364 0.314946 0.0219631 0.670323 -1.97364 0 
0.869069 1.66696 0.303909 0.0220384 0.678258 -1.66696 0 
0.502176 2.7639 0.296835 0.022003 0.682815 -2.7639 0 
0.703465 0.703476 0.299338 0.0221162 0.682511 -0.703476 0 
0.808556 0.425012 0.305446 0.0222428 0.678805 -0.425012 0 
0.201975 3.19923 0.317069 0.0220324 0.668793 -3.19923 0 
1.21693 3.19086 0.281514 0.0220623 0.695557 -3.19086 0 
0.498957 3.58769 0.293679 0.021834 0.685658 -3.58769 0 
0.139377 5.32744 0.283191 0.0218561 0.69288 -5.32744 0 
0.658307 5.23062 0.320197 0.0215551 0.66432 -5.23062 0 
0.151537 3.77385 0.325457 0.0215265 0.662674 -3.77385 0 
0.316152 3.68936 0.332365 0.0216073 0.659095 -3.68936 0 
0.121458 4.21637 0.343066 0.0214962 0.650529 -4.21637 0 
0.137045 3.97489 0.33722 0.0215167 0.655394 -3.97489 0 
0.313659 3.70519 0.329905 0.0215823 0.660444 -3.70519 0 
0.177671 4.84194 0.345588 0.0215354 0.648875 -4.84194 0 
0.817793 3.17488 0.338809 0.0217425 0.65558 -3.17488 0 
0.379569 4.71003 0.348278 0.0219837 0.650568 -4.71003 0 
0.136401 5.37061 0.34808 0.0220913 0.651191 -5.37061 0 
0.0756959 5.16206 0.350324 0.0219849 0.649263 -5.16206 0 
0.0667948 6.79855 0.341021 0.0220894 0.657123 -6.79855 0 
0.171377 5.725 0.341413 0.0220847 0.65651 -5.725 0 
0.068701 8.12857 0.356818 0.0221115 0.645701 -8.12857 0 
0.0562459 7.95327 0.350477 0.0220441 0.651087 -7.95327 0 
0.915274 5.59316 0.348391 0.0219402 0.651291 -5.59316 0 
0.00696074 9.93494 0.36685 0.0218799 0.638269 -9.93494 0 
0.170527 4.92402 0.34247 0.0219787 0.655128 -4.92402 0 
0.0319486 8.27355 0.337543 0.0219395 0.659069 -8.27355 0 
1.44564 2.84641 0.330539 0.0219468 0.662127 -2.84641 0 
0.301507 2.39793 0.333494 0.0220254 0.659945 -2.39793 0 
0.74073 1.98653 0.317569 0.022007 0.670837 -1.98653 0 
0.189605 4.71191 0.331119 0.0221788 0.660648 -4.71191 0 
2.81802 1.51145 0.32249 0.0221531 0.667837 -1.51145 0 
3.36362 2.36975 0.318976 0.0223672 0.671651 -2.36975 0 
0.725239 2.0288 0.308792 0.0223628 0.676393 -2.0288 0 
0.0262608 8.66565 0.328818 0.0223761 0.66233 -8.66565 0 
1.43605 0.662501 0.286874 0.0225943 0.69521 -0.662501 0 
0.41004 1.783 0.301413 0.0224591 0.684462 -1.783 0 
0.066763 5.41321 0.265091 0.0225798 0.713133 -5.41321 0 
0.158333 5.0724 0.28664 0.0226248 0.697043 -5.0724 0 
0.393998 4.63541 0.27807 0.0225994 0.703223 -4.63541 0 
0.241361 4.22922 0.276598 0.0226704 0.704643 -4.22922 0 
0.221451 4.4014 0.264107 0.0225814 0.713549 -4.4014 0 
4.70346 0.486922 0.282669 0.022635 0.698365 -0.486922 0 
1.85084 0.155019 0.291844 0.0224667 0.690482 -0.155019 0 
0.738555 0.606118 0.304515 0.022416 0.681353 -0.606118 0 
2.88513 0.653451 0.29052 0.0227515 0.692354 -0.653451 0 
1.56762 1.29811 0.266159 0.0229157 0.712387 -1.29811 0 
1.40231 1.52099 0.263878 0.0228878 0.713945 -1.52099 0 
1.35169 2.16988 0.260546 0.0231502 0.718205 -2.16988 0 
0.196869 4.63672 0.246145 0.0229824 0.729518 -4.63672 0 
2.35645 0.482908 0.281987 0.0225824 0.697528 -0.482908 0 
1.11281 1.17251 0.277449 0.0228289 0.70206 -1.17251 0 
0.528378 1.27589 0.27849 0.0230021 0.70301 -1.27589 0 
1.67921 1.73594 0.269227 0.0229303 0.709044 -1.73594 0 
0.551755 2.5756 0.26874 0.0230099 0.709533 -2.5756 0 
0.522203 2.68569 0.297842 0.02293 0.688311 -2.68569 0 
0.337547 2.1721 0.275731 0.0231576 0.705946 -2.1721 0 
0.0938394 6.92957 0.294339 0.0230739 0.693362 -6.92957 0 
0.109871 5.80319 0.291496 0.0229991 0.695067 -5.80319 0 
0.0449203 6.20573 0.323669 0.0227382 0.669299 -6.20573 0 
2.47224 0.962343 0.285203 0.0228711 0.697477 -0.962343 0 
1.08453 2.03493 0.267205 0.0228659 0.712124 -2.03493 0 
0.377006 1.95099 0.277382 0.0229261 0.7045 -1.95099 0 
1.67451 1.16618 0.271978 0.0227913 0.70758 -1.16618 0 
0.764324 1.92382 0.27935 0.0226714 0.701832 -1.92382 0 
0.595222 1.03764 0.307411 0.0224924 0.678797 -1.03764 0 
0.761167 0.545806 0.295809 0.0223571 0.685922 -0.545806 0 
0.892542 0.227362 0.303735 0.0223289 0.68065 -0.227362 0 
9.57836 0.0861567 0.298652 0.0223994 0.685043 -0.0861567 0 
2.29252 1.11328 0.318373 0.0221338 0.669529 -1.11328 0 
0.472748 1.49839 0.298981 0.0222074 0.684664 -1.49839 0 
2.25922 1.14255 0.3117 0.0222088 0.67561 -1.14255 0 
0.94166 2.31745 0.316424 0.0224058 0.673597 -2.31745 0 
0.878775 3.03104 0.324905 0.0223602 0.667611 -3.03104 0 
0.458299 3.75769 0.337194 0.0221126 0.657283 -3.75769 0 
0.53932 2.62119 0.334987 0.0220391 0.658832 -2.62119 0 
0.509254 3.54684 0.32457 0.0221541 0.667443 -3.54684 0 
0.0417198 7.73985 0.346877 0.0219015 0.652812 -7.73985 0 
0.382536 4.69445 0.346112 0.0220534 0.652112 -4.69445 0 
0.128982 4.09617 0.340876 0.0220006 0.655897 -4.09617 0 
0.0913192 6.17308 0.34323 0.0222791 0.654576 -6.17308 0 
0.0581108 7.0771 0.322019 0.0223463 0.670934 -7.0771 0 
0.0733027 7.42354 0.332319 0.0222572 0.66369 -7.42354 0 
0.130942 4.066 0.33792 0.022177 0.657338 -4.066 0 
0.333357 3.58338 0.339094 0.0220671 0.656953 -3.58338 0 
0.111622 4.38528 0.317372 0.022046 0.672005 -4.38528 0 
0.475356 3.68461 0.338138 0.0217651 0.656465 -3.68461 0 
0.11885 4.25978 0.347358 0.0217151 0.649066 -4.25978 0 
0.250716 4.96409 0.346222 0.0217379 0.649426 -4.96409 0 
0.219505 4.41905 0.313366 0.0218382 0.673351 -4.41905 0 
0.0491919 6.02405 0.313473 0.0219194 0.674235 -6.02405 0 
0.0997053 4.61107 0.316166 0.0219685 0.672413 -4.61107 0 
0.069034 5.34631 0.29904 0.0221084 0.685143 -5.34631 0 
0.0990059 6.01145 0.324876 0.0219434 0.666831 -6.01145 0 
1.41758 3.19392 0.34191 0.0216888 0.652657 -3.19392 0 
0.102445 4.55686 0.337184 0.0221345 0.659092 -4.55686 0 
0.151067 5.97728 0.304256 0.0220702 0.681431 -5.97728 0 
0.0244213 7.4246 0.299317 0.0219219 0.684113 -7.4246 0 
0.620916 3.15034 0.318802 0.0217581 0.668755 -3.15034 0 
0.392893 1.86843 0.310559 0.0219441 0.675043 -1.86843 0 
0.319614 2.28128 0.317644 0.0219339 0.668311 -2.28128 0 
1.34307 0.796371 0.309147 0.0220227 0.675254 -0.796371 0 
2.14582 1.69183 0.284679 0.0222533 0.693433 -1.69183 0 
0.250655 4.96458 0.28165 0.0221971 0.69439 -4.96458 0 
0.653895 0.849618 0.301641 0.0220745 0.68058 -0.849618 0 
1.40416 1.51835 0.292091 0.0220647 0.687781 -1.51835 0 
0.255499 2.72908 0.286707 0.0221952 0.693605 -2.72908 0 
0.372581 4.17183 0.287813 0.0221884 0.693273 -4.17183 0 
0.579267 3.28921 0.300944 0.0220738 0.683047 -3.28921 0 
0.442391 1.63112 0.298917 0.0221572 0.684416 -1.63112 0 
0.858634 3.07741 0.279951 0.0222429 0.698835 -3.07741 0 
0.170886 3.53352 0.288706 0.0222748 0.689604 -3.53352 0 
0.663453 0.820596 0.281405 0.0223822 0.69736 -0.820596 0 
2.00662 1.37969 0.30741 0.0223736 0.677646 -1.37969 0 
0.69729 0.721107 0.28412 0.0225725 0.697149 -0.721107 0 
0.760965 2.74356 0.284985 0.0225156 0.697055 -2.74356 0 
0.433202 1.6731 0.291134 0.0225282 0.69224 -1.6731 0 
0.288711 2.48466 0.268536 0.022459 0.708193 -2.48466 0 
0.849842 0.32541 0.29059 0.0223277 0.690004 -0.32541 0 
1.44851 2.03152 0.320598 0.0222429 0.668305 -2.03152 0 
1.07727 1.23743 0.303334 0.0222708 0.679831 -1.23743 0 
3.87911 0.507663 0.284082 0.0225414 0.695641 -0.507663 0 
0.687728 0.748723 0.27885 0.02261 0.699969 -0.748723 0 
0.908077 2.96544 0.27597 0.0228419 0.702504 -2.96544 0 
2.15762 1.23458 0.280513 0.0227244 0.698957 -1.23458 0 
0.555054 1.17738 0.276676 0.0225885 0.702921 -1.17738 0 
0.855175 1.69919 0.312735 0.0225276 0.675798 -1.69919 0 
0.318814 3.67259 0.3168 0.0225459 0.67214 -3.67259 0 
0.641335 2.2747 0.269923 0.0227532 0.707174 -2.2747 0 
0.466514 1.52493 0.281632 0.0227153 0.697897 -1.52493 0 
0.995986 1.39434 0.275462 0.0226634 0.702565 -1.39434 0 
0.359791 2.04447 0.284591 0.0225609 0.694554 -2.04447 0 
1.2213 2.37275 0.294832 0.02234 0.685723 -2.37275 0 
2.86771 1.78479 0.283364 0.0224706 0.695159 -1.78479 0 
0.67346 0.790653 0.307482 0.0222155 0.677013 -0.790653 0 
0.252346 2.75391 0.296863 0.0223307 0.687385 -2.75391 0 
2.69998 0.210736 0.296823 0.0222814 0.685747 -0.210736 0 
1.13819 1.12742 0.291107 0.0224487 0.689471 -1.12742 0 
0.950064 0.102452 0.285881 0.0225983 0.695243 -0.102452 0 
0.338185 2.16833 0.31231 0.0225384 0.676833 -2.16833 0 
0.359061 3.43482 0.312826 0.0227113 0.67719 -3.43482 0 
1.33017 0.81568 0.287036 0.0226919 0.695613 -0.81568 0 
0.206839 4.53792 0.32351 0.0225683 0.668237 -4.53792 0 
1.46109 2.82516 0.321948 0.0224696 0.669377 -2.82516 0 
0.444674 1.62083 0.309584 0.0224847 0.676968 -1.62083 0 
2.72437 0.19275 0.297979 0.022487 0.685531 -0.19275 0 
1.88316 0.931319 0.306299 0.0224764 0.679403 -0.931319 0 
1.08075 1.23098 0.289871 0.0225308 0.692991 -1.23098 0 
1.713 0.309807 0.299378 0.0224297 0.684026 -0.309807 0 
0.863582 0.293334 0.283664 0.0225516 0.696258 -0.293334 0 
1.68806 0.339137 0.286334 0.0225233 0.69395 -0.339137 0 
0.698474 0.717713 0.275138 0.022607 0.70355 -0.717713 0 
0.934563 1.52165 0.275506 0.0226796 0.702539 -1.52165 0 
0.215955 3.06537 0.300929 0.022695 0.683464 -3.06537 0 
0.515701 1.32446 0.290087 0.0228819 0.693461 -1.32446 0 
1.44717 0.647081 0.283395 0.0228172 0.697951 -0.647081 0 
0.639472 0.894226 0.282513 0.0227387 0.697719 -0.894226 0 
0.284518 2.51392 0.276331 0.0226934 0.701522 -2.51392 0 
0.886108 1.62813 0.288725 0.0227039 0.692506 -1.62813 0 
1.65884 2.20663 0.281792 0.0228182 0.700793 -2.20663 0 
1.82001 2.38583 0.262338 0.0230276 0.716863 -2.38583 0 
0.208298 4.52387 0.247129 0.0230026 0.729406 -4.52387 0 
0.962922 2.27279 0.257644 0.0230382 0.720068 -2.27279 0 
0.171307 3.52859 0.24987 0.023119 0.726865 -3.52859 0 
0.901446 1.5938 0.264174 0.0229012 0.713467 -1.5938 0 
0.37814 1.94498 0.28034 0.0227363 0.701428 -1.94498 0 
0.558384 2.55171 0.293165 0.0226967 0.691814 -2.55171 0 
0.549006 2.58558 0.314974 0.0225394 0.675049 -2.58558 0 
0.883903 2.44404 0.30533 0.0227205 0.682557 -2.44404 0 
0.364405 2.01898 0.299971 0.0227891 0.686505 -2.01898 0 
1.97438 0.836712 0.279088 0.0228927 0.702209 -0.836712 0 
3.41509 0.762469 0.275214 0.0228805 0.705023 -0.762469 0 
2.91987 1.44044 0.278111 0.0228727 0.703474 -1.44044 0 
1.86773 1.52314 0.285091 0.0228263 0.697972 -1.52314 0 
0.539346 1.23479 0.274463 0.022738 0.705505 -1.23479 0 
1.53158 1.34462 0.281855 0.0226992 0.69984 -1.34462 0 
1.48297 1.40913 0.297711 0.02271 0.686504 -1.40913 0 
0.51423 2.71646 0.282421 0.0228379 0.69762 -2.71646 0 
0.168239 4.95104 0.281431 0.0226991 0.69689 -4.95104 0 
0.531333 1.26473 0.272261 0.0227815 0.705915 -1.26473 0 
0.176753 3.46601 0.274544 0.0226362 0.705778 -3.46601 0 
0.518001 2.70185 0.261086 0.0227255 0.714753 -2.70185 0 
0.352424 2.08584 0.264249 0.0226531 0.712239 -2.08584 0 
0.0872558 4.87782 0.296193 0.0226139 0.685624 -4.87782 0 
0.203248 4.57295 0.301285 0.0226756 0.68262 -4.57295 0 
0.125438 4.15189 0.309354 0.0225392 0.676501 -4.15189 0 
1.55052 0.509108 0.278912 0.0227417 0.701616 -0.509108 0 
0.444691 1.62075 0.306743 0.0225688 0.680794 -1.62075 0 
0.866234 1.6735 0.30273 0.0224997 0.683626 -1.6735 0 
0.279618 2.54866 0.273539 0.0225979 0.705963 -2.54866 0 
0.483907 2.83802 0.293019 0.0227451 0.692203 -2.83802 0 
0.159807 3.66757 0.294309 0.022567 0.69074 -3.66757 0 
1.55763 1.31089 0.277483 0.0227422 0.703319 -1.31089 0 
0.763533 0.539598 0.276226 0.0226459 0.702773 -0.539598 0 
0.934485 0.13552 0.284784 0.0225918 0.695863 -0.13552 0 
0.520898 1.3044 0.269878 0.0226555 0.707489 -1.3044 0 
0.258906 2.70258 0.262514 0.0226161 0.713938 -2.70258 0 
0.571238 1.1199 0.271488 0.0226115 0.706224 -1.1199 0 
0.933183 1.5246 0.279518 0.0224716 0.700261 -1.5246 0 
0.179717 3.43274 0.267777 0.0224934 0.709745 -3.43274 0 
0.694185 2.92726 0.260146 0.0226508 0.715588 -2.92726 0 
3.13057 1.30109 0.266495 0.0227952 0.711358 -1.30109 0 
4.40662 1.19267 0.288485 0.0227994 0.695063 -1.19267 0 
1.52523 0.541999 0.276768 0.022806 0.703246 -0.541999 0 
0.734149 0.618088 0.278594 0.0227046 0.70181 -0.618088 0 
1.17716 2.44638 0.302021 0.022409 0.681025 -2.44638 0 
0.698004 0.71906 0.285292 0.0226844 0.695381 -0.71906 0 
0.79743 0.452723 0.283583 0.0225929 0.696339 -0.452723 0 
0.934515 0.135456 0.291662 0.0225836 0.691041 -0.135456 0 
0.78491 1.87067 0.306162 0.0224032 0.678428 -1.87067 0 
0.157268 3.6996 0.29967 0.0223748 0.685898 -3.6996 0 
0.52846 1.27558 0.317689 0.0220236 0.670442 -1.27558 0 
2.4787 2.07635 0.308927 0.0220508 0.677017 -2.07635 0 
0.0525757 8.08823 0.311849 0.0221862 0.67731 -8.08823 0 
0.0230569 8.92588 0.25881 0.0222804 0.716316 -8.92588 0 
0.166446 5.7834 0.269658 0.0221964 0.706637 -5.7834 0 
1.0571 2.66152 0.287562 0.0221324 0.690329 -2.66152 0 
0.321614 2.26881 0.287604 0.0221566 0.690542 -2.26881 0 
0.0518421 7.3054 0.288204 0.0223404 0.689407 -7.3054 0 
0.00538594 10.4479 0.28492 0.0222941 0.691109 -10.4479 0 
0.486733 1.44008 0.283325 0.0223746 0.694983 -1.44008 0 
0.656273 0.842356 0.27641 0.0225147 0.701947 -0.842356 0 
3.87275 0.875589 0.284089 0.0223789 0.695904 -0.875589 0 
0.89954 0.211743 0.291277 0.0224143 0.689817 -0.211743 0 
1.10016 1.19538 0.304617 0.022406 0.679772 -1.19538 0 
3.97561 2.03543 0.288935 0.0223944 0.690447 -2.03543 0 
0.178769 3.44332 0.294429 0.0222254 0.685157 -3.44332 0 
0.282773 3.91252 0.307962 0.0223069 0.676011 -3.91252 0 
0.807608 1.81365 0.30376 0.0224277 0.680195 -1.81365 0 
0.645821 0.874466 0.301517 0.0224173 0.682082 -0.874466 0 
0.575798 1.104 0.302048 0.0224351 0.681711 -1.104 0 
0.897435 0.216429 0.295399 0.0224375 0.686907 -0.216429 0 
0.475802 2.8718 0.29513 0.0225343 0.686415 -2.8718 0 
0.238399 2.86762 0.297165 0.0225125 0.684857 -2.86762 0 
1.74194 1.08722 0.302599 0.022472 0.681602 -1.08722 0 
0.00401043 11.0377 0.325959 0.0224359 0.663985 -11.0377 0 
1.61921 1.80872 0.320161 0.0222033 0.669957 -1.80872 0 
2.91908 2.01635 0.320887 0.0223669 0.669836 -2.01635 0 
2.37239 1.49108 0.312425 0.0223897 0.676026 -1.49108 0 
0.278779 2.55467 0.310013 0.0222363 0.677547 -2.55467 0 
0.451795 1.58905 0.31557 0.0223194 0.672088 -1.58905 0 
1.1686 2.46098 0.331423 0.0221388 0.661532 -2.46098 0 
0.0208284 7.74287 0.311527 0.0221656 0.677356 -7.74287 0 
0.170408 4.92541 0.337889 0.0221826 0.656881 -4.92541 0 
0.445092 4.39154 0.337101 0.0222603 0.658383 -4.39154 0 
0.197045 4.63494 0.33792 0.0222527 0.658749 -4.63494 0 
0.734234 5.22302 0.351911 0.0219262 0.647897 -5.22302 0 
0.63903 3.09283 0.340624 0.0218383 0.654728 -3.09283 0 
0.362659 2.02859 0.330845 0.0218855 0.660979 -2.02859 0 
0.287718 2.49155 0.330456 0.0218761 0.660111 -2.49155 0 
2.06534 2.13293 0.327845 0.0218 0.662586 -2.13293 0 
0.176519 3.46865 0.330528 0.0218456 0.661839 -3.46865 0 
0.178838 3.44255 0.341993 0.0216389 0.65211 -3.44255 0 
0.874791 3.85106 0.340791 0.0218268 0.653353 -3.85106 0 
2.59412 1.31238 0.316001 0.0220093 0.670201 -1.31238 0 
0.442156 1.63218 0.31572 0.0220439 0.672149 -1.63218 0 
1.59318 0.454835 0.302767 0.0221314 0.68035 -0.454835 0 
1.76746 0.247209 0.299142 0.0222495 0.683949 -0.247209 0 
1.14804 1.92111 0.313738 0.0221439 0.674231 -1.92111 0 
0.366568 2.00714 0.287907 0.0223208 0.693432 -2.00714 0 
0.313727 2.31846 0.291871 0.0220248 0.686948 -2.31846 0 
3.18313 1.57609 0.300152 0.0220204 0.681004 -1.57609 0 
0.314426 2.31401 0.287373 0.0221688 0.690727 -2.31401 0 
0.293658 2.45068 0.299446 0.0219979 0.680998 -2.45068 0 
0.35127 2.0924 0.299352 0.0220689 0.681428 -2.0924 0 
0.620543 0.95432 0.29055 0.0221801 0.689266 -0.95432 0 
0.348425 3.49496 0.282949 0.022123 0.695861 -3.49496 0 
0.437077 1.65529 0.306344 0.0218733 0.676435 -1.65529 0 
0.450471 1.59492 0.311326 0.0219329 0.672852 -1.59492 0 
0.165266 3.6004 0.313417 0.0219796 0.670803 -3.6004 0 
1.88358 1.50624 0.285064 0.0221879 0.693473 -1.50624 0 
1.54694 0.51374 0.30042 0.0221476 0.681953 -0.51374 0 
1.0524 2.09508 0.313175 0.022159 0.672341 -2.09508 0 
0.633965 0.911523 0.301432 0.0222835 0.683146 -0.911523 0 
0.31159 2.33213 0.265689 0.0225561 0.710838 -2.33213 0 
0.314567 3.69941 0.263392 0.0225028 0.71301 -3.69941 0 
0.556911 2.557 0.265907 0.0225152 0.710469 -2.557 0 
0.595406 1.03702 0.279066 0.0224041 0.699498 -1.03702 0 
0.82784 1.76417 0.280474 0.0222884 0.697 -1.76417 0 
6.20011 1.32068 0.276213 0.02242 0.70139 -1.32068 0 
7.42142 0.961071 0.290089 0.0222352 0.689554 -0.961071 0 
0.382804 1.92047 0.297077 0.0219921 0.684359 -1.92047 0 
1.10856 1.18017 0.299332 0.0220218 0.68254 -1.18017 0 
0.585948 1.06905 0.302318 0.0220233 0.680597 -1.06905 0 
0.172299 3.51705 0.280571 0.0220774 0.69686 -3.51705 0 
0.296713 2.42998 0.297888 0.0221333 0.68528 -2.42998 0 
0.834974 0.36071 0.308828 0.0222579 0.676944 -0.36071 0 
0.173874 3.49885 0.296467 0.0221772 0.686919 -3.49885 0 
0.523786 1.29334 0.320913 0.0218973 0.666999 -1.29334 0 
0.180251 3.42681 0.320203 0.0219704 0.669395 -3.42681 0 
0.699304 2.10163 0.325084 0.0218989 0.665138 -2.10163 0 
0.275217 2.58039 0.334177 0.0217676 0.658422 -2.58039 0 
1.85981 2.34257 0.334334 0.0218107 0.657879 -2.34257 0 
0.113839 4.34594 0.327094 0.0217513 0.663776 -4.34594 0 
2.70266 1.59505 0.323787 0.0218315 0.664846 -1.59505 0 
0.209326 3.12772 0.297827 0.0218034 0.682093 -3.12772 0 
